EoverNdata[0]=1.000000E-20;  kdata[0]=1.258925E-37; 
EoverNdata[1]=1.100000E-20;  kdata[1]=4.513833E-35; 
EoverNdata[2]=1.210000E-20;  kdata[2]=9.481117E-33; 
EoverNdata[3]=1.331000E-20;  kdata[3]=1.224769E-30; 
EoverNdata[4]=1.464100E-20;  kdata[4]=1.017002E-28; 
EoverNdata[5]=1.610510E-20;  kdata[5]=5.650812E-27; 
EoverNdata[6]=1.771561E-20;  kdata[6]=2.179127E-25; 
EoverNdata[7]=1.948717E-20;  kdata[7]=6.029161E-24; 
EoverNdata[8]=2.143589E-20;  kdata[8]=1.233510E-22; 
EoverNdata[9]=2.357948E-20;  kdata[9]=1.918037E-21; 
EoverNdata[10]=2.593742E-20;  kdata[10]=2.323986E-20; 
EoverNdata[11]=2.853117E-20;  kdata[11]=2.244509E-19; 
EoverNdata[12]=3.138428E-20;  kdata[12]=1.763900E-18; 
EoverNdata[13]=3.452271E-20;  kdata[13]=1.149293E-17; 
EoverNdata[14]=3.797498E-20;  kdata[14]=6.315268E-17; 
EoverNdata[15]=4.177248E-20;  kdata[15]=2.972237E-16; 
EoverNdata[16]=4.594973E-20;  kdata[16]=1.215126E-15; 
EoverNdata[17]=5.054470E-20;  kdata[17]=4.370839E-15; 
EoverNdata[18]=5.559917E-20;  kdata[18]=1.399484E-14; 
EoverNdata[19]=6.115909E-20;  kdata[19]=4.031118E-14; 
EoverNdata[20]=6.727500E-20;  kdata[20]=1.054664E-13; 
EoverNdata[21]=7.400250E-20;  kdata[21]=2.528314E-13; 
EoverNdata[22]=8.140275E-20;  kdata[22]=5.597939E-13; 
EoverNdata[23]=8.954302E-20;  kdata[23]=1.153038E-12; 
EoverNdata[24]=9.849733E-20;  kdata[24]=2.223979E-12; 
EoverNdata[25]=1.083471E-19;  kdata[25]=4.040940E-12; 
EoverNdata[26]=1.191818E-19;  kdata[26]=6.954354E-12; 
EoverNdata[27]=1.310999E-19;  kdata[27]=1.139192E-11; 
EoverNdata[28]=1.442099E-19;  kdata[28]=1.784234E-11; 
EoverNdata[29]=1.586309E-19;  kdata[29]=2.682827E-11; 
EoverNdata[30]=1.744940E-19;  kdata[30]=3.887135E-11; 
EoverNdata[31]=1.919434E-19;  kdata[31]=5.445365E-11; 
EoverNdata[32]=2.111378E-19;  kdata[32]=7.398019E-11; 
EoverNdata[33]=2.322515E-19;  kdata[33]=9.774733E-11; 
EoverNdata[34]=2.554767E-19;  kdata[34]=1.259202E-10; 
EoverNdata[35]=2.810244E-19;  kdata[35]=1.585210E-10; 
EoverNdata[36]=3.091268E-19;  kdata[36]=4.016661E-10; 
EoverNdata[37]=3.400395E-19;  kdata[37]=5.911514E-10; 
EoverNdata[38]=3.740434E-19;  kdata[38]=8.459842E-10; 
EoverNdata[39]=4.114478E-19;  kdata[39]=1.180412E-09; 
EoverNdata[40]=4.525926E-19;  kdata[40]=1.609825E-09; 
EoverNdata[41]=4.978518E-19;  kdata[41]=2.150605E-09; 
EoverNdata[42]=5.476370E-19;  kdata[42]=2.829366E-09; 
EoverNdata[43]=6.024007E-19;  kdata[43]=3.660356E-09; 
EoverNdata[44]=6.626408E-19;  kdata[44]=4.663386E-09; 
EoverNdata[45]=7.289048E-19;  kdata[45]=5.859519E-09; 
EoverNdata[46]=8.017953E-19;  kdata[46]=7.265025E-09; 
EoverNdata[47]=8.819749E-19;  kdata[47]=8.620912E-09; 
EoverNdata[48]=9.701723E-19;  kdata[48]=1.013412E-08; 
EoverNdata[49]=1.067190E-18;  kdata[49]=1.143479E-08; 
EoverNdata[50]=1.173909E-18;  kdata[50]=1.259140E-08; 
EoverNdata[51]=1.291299E-18;  kdata[51]=1.374407E-08; 
EoverNdata[52]=1.420429E-18;  kdata[52]=1.488328E-08; 
EoverNdata[53]=1.562472E-18;  kdata[53]=1.600066E-08; 
EoverNdata[54]=1.718719E-18;  kdata[54]=1.708910E-08; 
EoverNdata[55]=1.890591E-18;  kdata[55]=1.814271E-08; 
EoverNdata[56]=2.079651E-18;  kdata[56]=1.915680E-08; 
EoverNdata[57]=2.287616E-18;  kdata[57]=2.012780E-08; 
EoverNdata[58]=2.516377E-18;  kdata[58]=2.105318E-08; 
EoverNdata[59]=2.768015E-18;  kdata[59]=2.193130E-08; 
EoverNdata[60]=3.044816E-18;  kdata[60]=2.276133E-08; 
EoverNdata[61]=3.349298E-18;  kdata[61]=2.354314E-08; 
