Tedata[0]=1.125690E+04;  kdata[0]=1.584893E-45; 
Tedata[1]=1.155398E+04;  kdata[1]=3.297477E-42; 
Tedata[2]=1.188078E+04;  kdata[2]=3.425396E-39; 
Tedata[3]=1.224025E+04;  kdata[3]=1.892386E-36; 
Tedata[4]=1.263567E+04;  kdata[4]=5.888557E-34; 
Tedata[5]=1.307063E+04;  kdata[5]=1.087356E-31; 
Tedata[6]=1.354909E+04;  kdata[6]=1.249400E-29; 
Tedata[7]=1.407540E+04;  kdata[7]=9.326715E-28; 
Tedata[8]=1.465433E+04;  kdata[8]=4.704144E-26; 
Tedata[9]=1.529116E+04;  kdata[9]=1.661257E-24; 
Tedata[10]=1.599167E+04;  kdata[10]=4.242970E-23; 
Tedata[11]=1.676223E+04;  kdata[11]=8.071842E-22; 
Tedata[12]=1.741588E+04;  kdata[12]=1.174830E-20; 
Tedata[13]=1.790848E+04;  kdata[13]=1.340449E-19; 
Tedata[14]=1.845035E+04;  kdata[14]=1.225771E-18; 
Tedata[15]=1.904641E+04;  kdata[15]=9.166218E-18; 
Tedata[16]=1.970207E+04;  kdata[16]=5.708691E-17; 
Tedata[17]=2.036941E+04;  kdata[17]=3.010715E-16; 
Tedata[18]=2.066269E+04;  kdata[18]=1.365068E-15; 
Tedata[19]=2.098531E+04;  kdata[19]=5.394589E-15; 
Tedata[20]=2.134018E+04;  kdata[20]=1.881515E-14; 
Tedata[21]=2.211762E+04;  kdata[21]=5.857795E-14; 
Tedata[22]=2.326269E+04;  kdata[22]=1.644834E-13; 
Tedata[23]=2.452226E+04;  kdata[23]=4.204818E-13; 
Tedata[24]=2.590779E+04;  kdata[24]=9.869966E-13; 
Tedata[25]=2.787103E+04;  kdata[25]=2.143858E-12; 
Tedata[26]=3.011756E+04;  kdata[26]=4.339613E-12; 
Tedata[27]=3.258875E+04;  kdata[27]=8.238811E-12; 
Tedata[28]=3.530705E+04;  kdata[28]=1.475597E-11; 
Tedata[29]=3.829719E+04;  kdata[29]=2.506465E-11; 
Tedata[30]=4.158634E+04;  kdata[30]=4.057306E-11; 
Tedata[31]=4.520440E+04;  kdata[31]=6.286342E-11; 
Tedata[32]=4.810333E+04;  kdata[32]=9.359894E-11; 
Tedata[33]=5.043205E+04;  kdata[33]=1.344089E-10; 
Tedata[34]=5.299365E+04;  kdata[34]=1.867662E-10; 
Tedata[35]=5.581140E+04;  kdata[35]=2.518722E-10; 
