EoverNdata[0]=1.000000E-20;  kdata[0]=1.584893E-45; 
EoverNdata[1]=1.100000E-20;  kdata[1]=3.297477E-42; 
EoverNdata[2]=1.210000E-20;  kdata[2]=3.425396E-39; 
EoverNdata[3]=1.331000E-20;  kdata[3]=1.892386E-36; 
EoverNdata[4]=1.464100E-20;  kdata[4]=5.888557E-34; 
EoverNdata[5]=1.610510E-20;  kdata[5]=1.087356E-31; 
EoverNdata[6]=1.771561E-20;  kdata[6]=1.249400E-29; 
EoverNdata[7]=1.948717E-20;  kdata[7]=9.326715E-28; 
EoverNdata[8]=2.143589E-20;  kdata[8]=4.704144E-26; 
EoverNdata[9]=2.357948E-20;  kdata[9]=1.661257E-24; 
EoverNdata[10]=2.593742E-20;  kdata[10]=4.242970E-23; 
EoverNdata[11]=2.853117E-20;  kdata[11]=8.071842E-22; 
EoverNdata[12]=3.138428E-20;  kdata[12]=1.174830E-20; 
EoverNdata[13]=3.452271E-20;  kdata[13]=1.340449E-19; 
EoverNdata[14]=3.797498E-20;  kdata[14]=1.225771E-18; 
EoverNdata[15]=4.177248E-20;  kdata[15]=9.166218E-18; 
EoverNdata[16]=4.594973E-20;  kdata[16]=5.708691E-17; 
EoverNdata[17]=5.054470E-20;  kdata[17]=3.010715E-16; 
EoverNdata[18]=5.559917E-20;  kdata[18]=1.365068E-15; 
EoverNdata[19]=6.115909E-20;  kdata[19]=5.394589E-15; 
EoverNdata[20]=6.727500E-20;  kdata[20]=1.881515E-14; 
EoverNdata[21]=7.400250E-20;  kdata[21]=5.857795E-14; 
EoverNdata[22]=8.140275E-20;  kdata[22]=1.644834E-13; 
EoverNdata[23]=8.954302E-20;  kdata[23]=4.204818E-13; 
EoverNdata[24]=9.849733E-20;  kdata[24]=9.869966E-13; 
EoverNdata[25]=1.083471E-19;  kdata[25]=2.143858E-12; 
EoverNdata[26]=1.191818E-19;  kdata[26]=4.339613E-12; 
EoverNdata[27]=1.310999E-19;  kdata[27]=8.238811E-12; 
EoverNdata[28]=1.442099E-19;  kdata[28]=1.475597E-11; 
EoverNdata[29]=1.586309E-19;  kdata[29]=2.506465E-11; 
EoverNdata[30]=1.744940E-19;  kdata[30]=4.057306E-11; 
EoverNdata[31]=1.919434E-19;  kdata[31]=6.286342E-11; 
EoverNdata[32]=2.111378E-19;  kdata[32]=9.359894E-11; 
EoverNdata[33]=2.322515E-19;  kdata[33]=1.344089E-10; 
EoverNdata[34]=2.554767E-19;  kdata[34]=1.867662E-10; 
EoverNdata[35]=2.810244E-19;  kdata[35]=2.518722E-10; 
EoverNdata[36]=3.091268E-19;  kdata[36]=3.543204E-10; 
EoverNdata[37]=3.400395E-19;  kdata[37]=5.277020E-10; 
EoverNdata[38]=3.740434E-19;  kdata[38]=7.639723E-10; 
EoverNdata[39]=4.114478E-19;  kdata[39]=1.078014E-09; 
EoverNdata[40]=4.525926E-19;  kdata[40]=1.486210E-09; 
EoverNdata[41]=4.978518E-19;  kdata[41]=2.006305E-09; 
EoverNdata[42]=5.476370E-19;  kdata[42]=2.577740E-09; 
EoverNdata[43]=6.024007E-19;  kdata[43]=3.252933E-09; 
EoverNdata[44]=6.626408E-19;  kdata[44]=4.044664E-09; 
EoverNdata[45]=7.289048E-19;  kdata[45]=4.962910E-09; 
EoverNdata[46]=8.017953E-19;  kdata[46]=6.016556E-09; 
EoverNdata[47]=8.819749E-19;  kdata[47]=7.149926E-09; 
EoverNdata[48]=9.701723E-19;  kdata[48]=8.417356E-09; 
EoverNdata[49]=1.067190E-18;  kdata[49]=9.502134E-09; 
EoverNdata[50]=1.173909E-18;  kdata[50]=1.046326E-08; 
EoverNdata[51]=1.291299E-18;  kdata[51]=1.142111E-08; 
EoverNdata[52]=1.420429E-18;  kdata[52]=1.236778E-08; 
EoverNdata[53]=1.562472E-18;  kdata[53]=1.329631E-08; 
EoverNdata[54]=1.718719E-18;  kdata[54]=1.420078E-08; 
EoverNdata[55]=1.890591E-18;  kdata[55]=1.507631E-08; 
EoverNdata[56]=2.079651E-18;  kdata[56]=1.591900E-08; 
EoverNdata[57]=2.287616E-18;  kdata[57]=1.672589E-08; 
EoverNdata[58]=2.516377E-18;  kdata[58]=1.749487E-08; 
EoverNdata[59]=2.768015E-18;  kdata[59]=1.822457E-08; 
EoverNdata[60]=3.044816E-18;  kdata[60]=1.891432E-08; 
EoverNdata[61]=3.349298E-18;  kdata[61]=1.956399E-08; 
