Tedata[0]=1.125690E+04;  kdata[0]=1.258925E-37; 
Tedata[1]=1.155398E+04;  kdata[1]=4.513833E-35; 
Tedata[2]=1.188078E+04;  kdata[2]=9.481117E-33; 
Tedata[3]=1.224025E+04;  kdata[3]=1.224769E-30; 
Tedata[4]=1.263567E+04;  kdata[4]=1.017002E-28; 
Tedata[5]=1.307063E+04;  kdata[5]=5.650812E-27; 
Tedata[6]=1.354909E+04;  kdata[6]=2.179127E-25; 
Tedata[7]=1.407540E+04;  kdata[7]=6.029161E-24; 
Tedata[8]=1.465433E+04;  kdata[8]=1.233510E-22; 
Tedata[9]=1.529116E+04;  kdata[9]=1.918037E-21; 
Tedata[10]=1.599167E+04;  kdata[10]=2.323986E-20; 
Tedata[11]=1.676223E+04;  kdata[11]=2.244509E-19; 
Tedata[12]=1.741588E+04;  kdata[12]=1.763900E-18; 
Tedata[13]=1.790848E+04;  kdata[13]=1.149293E-17; 
Tedata[14]=1.845035E+04;  kdata[14]=6.315268E-17; 
Tedata[15]=1.904641E+04;  kdata[15]=2.972237E-16; 
Tedata[16]=1.970207E+04;  kdata[16]=1.215126E-15; 
Tedata[17]=2.036941E+04;  kdata[17]=4.370839E-15; 
Tedata[18]=2.066269E+04;  kdata[18]=1.399484E-14; 
Tedata[19]=2.098531E+04;  kdata[19]=4.031118E-14; 
Tedata[20]=2.134018E+04;  kdata[20]=1.054664E-13; 
Tedata[21]=2.211762E+04;  kdata[21]=2.528314E-13; 
Tedata[22]=2.326269E+04;  kdata[22]=5.597939E-13; 
Tedata[23]=2.452226E+04;  kdata[23]=1.153038E-12; 
Tedata[24]=2.590779E+04;  kdata[24]=2.223979E-12; 
Tedata[25]=2.787103E+04;  kdata[25]=4.040940E-12; 
Tedata[26]=3.011756E+04;  kdata[26]=6.954354E-12; 
Tedata[27]=3.258875E+04;  kdata[27]=1.139192E-11; 
Tedata[28]=3.530705E+04;  kdata[28]=1.784234E-11; 
Tedata[29]=3.829719E+04;  kdata[29]=2.682827E-11; 
Tedata[30]=4.158634E+04;  kdata[30]=3.887135E-11; 
Tedata[31]=4.520440E+04;  kdata[31]=5.445365E-11; 
Tedata[32]=4.810333E+04;  kdata[32]=7.398019E-11; 
Tedata[33]=5.043205E+04;  kdata[33]=9.774733E-11; 
Tedata[34]=5.299365E+04;  kdata[34]=1.259202E-10; 
Tedata[35]=5.581140E+04;  kdata[35]=1.585210E-10; 
